3 ancestor of 6 ? = true
3 ancestor of 11 ? = true
3 ancestor of 0 ? = true

6 ancestor of 3 ? = false
6 ancestor of 11 ? = false
6 ancestor of 0 ? = false

11 ancestor of 3 ? = false
11 ancestor of 6 ? = true
11 ancestor of 0 ? = true

0 ancestor of 3 ? = false
0 ancestor of 6 ? = false
0 ancestor of 11 ? = false

Path from 3 to 6 =  3  11  6 
Path length = 3

Path from 3 to 11 =  3  11 
Path length = 2

Path from 6 to 11 =  6  11 
Path length = 2

Path from 0 to 3 =  0  11  3 
Path length = 3

Path from 0 to 6 =  0  11  6 
Path length = 3

Path from 0 to 11 =  0  11 
Path length = 2

250 ancestor of 500 ? = false
250 ancestor of 999 ? = false
250 ancestor of 0 ? = true

500 ancestor of 250 ? = true
500 ancestor of 999 ? = false
500 ancestor of 0 ? = true

999 ancestor of 250 ? = true
999 ancestor of 500 ? = true
999 ancestor of 0 ? = true

0 ancestor of 250 ? = false
0 ancestor of 500 ? = false
0 ancestor of 999 ? = false

Path from 250 to 500 =  250  811  960  106  193  611  111  667  868  942  461  582  360  215  378  750  768  527  338  719  758  232  500 
Path length = 23

Path from 250 to 999 =  250  811  960  106  193  611  111  667  868  942  461  582  360  215  378  750  768  527  338  719  758  232  500  774  941  633  529  948  879  912  983  534  474  801  15  181  363  838  445  713  972  498  311  187  566  988  53  325  737  58  928  522  432  162  714  434  824  732  555  976  343  152  646  649  568  366  441  748  546  247  580  793  93  216  579  770  42  214  528  102  813  849  147  794  913  603  819  895  698  278  158  970  505  668  436  536  391  255  900  585  283  587  388  439  876  330  340  329  227  851  51  831  795  862  556  27  489  476  331  163  238  722  60  676  886  293  260  319  554  97  987  264  275  907  271  64  569  576  231  487  832  539  25  995  763  997  454  986  992  559  449  468  109  817  858  783  470  31  12  752  592  952  413  79  361  608  854  228  78  885  323  973  878  606  614  558  244  224  453  863  710  517  393  200  544  312  469  681  274  133  177  602  119  65  542  979  930  526  387  201  479  747  663  26  578  908  91  429  944  55  572  41  650  939  867  377  136  336  871  304  270  99  853  369  314  910  404  499  170  85  291  519  777  2  381  365  785  872  738  688  80  161  683  800  66  699  44  766  211  359  243  379  417  701  242  19  282  892  20  49  455  723  521  327  937  427  192  684  924  121  157  351  88  289  922  302  54  118  515  873  217  645  171  744  74  947  978  835  396  828  245  729  18  749  884  634  721  508  438  541  651  635  767  290  164  229  798  268  306  33  259  70  946  376  285  295  446  156  943  307  938  754  370  495  196  352  305  753  298  444  674  389  125  852  9  665  669  509  574  287  929  375  790  784  112  687  821  35  205  787  497  616  506  548  844  653  765  604  310  631  153  95  755  820  791  100  491  415  208  958  297  677  433  11  816  407  841  421  6  573  148  661  827  805  810  173  358  818  581  735  492  223  288  781  708  656  140  50  762  640  610  281  442  252  313  465  240  267  246  703  957  618  409  149  316  823  13  263  786  850  456  652  601  253  575  520  696  593  354  796  165  128  622  936  8  808  812  567  843  501  390  222  272  675  341  543  172  239  411  81  21  799  235  788  258  934  346  52  857  594  437  647  73  883  249  339  206  847  619  891  756  999 
Path length = 472

Path from 500 to 999 =  500  774  941  633  529  948  879  912  983  534  474  801  15  181  363  838  445  713  972  498  311  187  566  988  53  325  737  58  928  522  432  162  714  434  824  732  555  976  343  152  646  649  568  366  441  748  546  247  580  793  93  216  579  770  42  214  528  102  813  849  147  794  913  603  819  895  698  278  158  970  505  668  436  536  391  255  900  585  283  587  388  439  876  330  340  329  227  851  51  831  795  862  556  27  489  476  331  163  238  722  60  676  886  293  260  319  554  97  987  264  275  907  271  64  569  576  231  487  832  539  25  995  763  997  454  986  992  559  449  468  109  817  858  783  470  31  12  752  592  952  413  79  361  608  854  228  78  885  323  973  878  606  614  558  244  224  453  863  710  517  393  200  544  312  469  681  274  133  177  602  119  65  542  979  930  526  387  201  479  747  663  26  578  908  91  429  944  55  572  41  650  939  867  377  136  336  871  304  270  99  853  369  314  910  404  499  170  85  291  519  777  2  381  365  785  872  738  688  80  161  683  800  66  699  44  766  211  359  243  379  417  701  242  19  282  892  20  49  455  723  521  327  937  427  192  684  924  121  157  351  88  289  922  302  54  118  515  873  217  645  171  744  74  947  978  835  396  828  245  729  18  749  884  634  721  508  438  541  651  635  767  290  164  229  798  268  306  33  259  70  946  376  285  295  446  156  943  307  938  754  370  495  196  352  305  753  298  444  674  389  125  852  9  665  669  509  574  287  929  375  790  784  112  687  821  35  205  787  497  616  506  548  844  653  765  604  310  631  153  95  755  820  791  100  491  415  208  958  297  677  433  11  816  407  841  421  6  573  148  661  827  805  810  173  358  818  581  735  492  223  288  781  708  656  140  50  762  640  610  281  442  252  313  465  240  267  246  703  957  618  409  149  316  823  13  263  786  850  456  652  601  253  575  520  696  593  354  796  165  128  622  936  8  808  812  567  843  501  390  222  272  675  341  543  172  239  411  81  21  799  235  788  258  934  346  52  857  594  437  647  73  883  249  339  206  847  619  891  756  999 
Path length = 450

Path from 0 to 250 =  0  562  280  405  269  599  694  860  373  478  715  654  915  894  648  524  736  135  463  213  704  103  842  204  949  349  898  510  108  695  284  292  865  507  625  706  159  615  46  632  881  32  126  96  371  660  626  5  4  962  935  950  481  759  462  261  412  890  760  612  751  609  151  969  846  443  742  56  746  845  745  869  963  254  184  353  116  256  197  368  428  664  815  921  639  959  138  129  77  45  29  712  825  182  179  829  186  490  887  488  613  875  981  401  321  896  678  588  94  540  711  233  605  7  859  296  10  901  493  82  866  666  317  537  344  531  607  34  513  807  183  547  403  59  563  628  697  977  356  144  931  848  110  63  190  991  219  160  771  968  92  855  372  888  382  122  764  685  595  392  864  47  419  904  511  717  40  236  431  486  477  435  792  422  739  761  451  672  955  551  923  673  889  503  882  273  28  155  700  802  780  480  484  965  114  145  789  914  769  24  630  104  617  552  199  16  657  345  549  424  178  918  809  583  473  62  692  300  740  279  911  636  472  105  143  964  814  483  836  348  525  237  17  533  38  299  347  545  596  115  195  374  301  76  475  733  985  107  450  709  971  564  916  773  644  399  212  496  535  101  629  75  380  658  326  84  383  426  919  782  169  43  702  335  927  982  142  189  776  839  597  600  324  459  57  623  120  627  905  309  337  933  560  322  457  680  98  452  83  874  856  725  570  693  257  975  124  523  565  806  980  590  994  504  840  659  394  294  384  318  430  803  408  226  956  127  132  286  670  225  925  951  37  150  743  423  932  402  642  720  624  571  778  400  61  502  772  277  117  357  466  234  926  191  686  909  14  993  586  903  250 
Path length = 361

Path from 0 to 500 =  0  562  280  405  269  599  694  860  373  478  715  654  915  894  648  524  736  135  463  213  704  103  842  204  949  349  898  510  108  695  284  292  865  507  625  706  159  615  46  632  881  32  126  96  371  660  626  5  4  962  935  950  481  759  462  261  412  890  760  612  751  609  151  969  846  443  742  56  746  845  745  869  963  254  184  353  116  256  197  368  428  664  815  921  639  959  138  129  77  45  29  712  825  182  179  829  186  490  887  488  613  875  981  401  321  896  678  588  94  540  711  233  605  7  859  296  10  901  493  82  866  666  317  537  344  531  607  34  513  807  183  547  403  59  563  628  697  977  356  144  931  848  110  63  190  991  219  160  771  968  92  855  372  888  382  122  764  685  595  392  864  47  419  904  511  717  40  236  431  486  477  435  792  422  739  761  451  672  955  551  923  673  889  503  882  273  28  155  700  802  780  480  484  965  114  145  789  914  769  24  630  104  617  552  199  16  657  345  549  424  178  918  809  583  473  62  692  300  740  279  911  636  472  105  143  964  814  483  836  348  525  237  17  533  38  299  347  545  596  115  195  374  301  76  475  733  985  107  450  709  971  564  916  773  644  399  212  496  535  101  629  75  380  658  326  84  383  426  919  782  169  43  702  335  927  982  142  189  776  839  597  600  324  459  57  623  120  627  905  309  337  933  560  322  457  680  98  452  83  874  856  725  570  693  257  975  124  523  565  806  980  590  994  504  840  659  394  294  384  318  430  803  408  226  956  127  132  286  670  225  925  951  37  150  743  423  932  402  642  720  624  571  778  400  61  502  772  277  117  357  466  234  926  191  686  909  14  993  586  903  250  811  960  106  193  611  111  667  868  942  461  582  360  215  378  750  768  527  338  719  758  232  500 
Path length = 383

Path from 0 to 999 =  0  562  280  405  269  599  694  860  373  478  715  654  915  894  648  524  736  135  463  213  704  103  842  204  949  349  898  510  108  695  284  292  865  507  625  706  159  615  46  632  881  32  126  96  371  660  626  5  4  962  935  950  481  759  462  261  412  890  760  612  751  609  151  969  846  443  742  56  746  845  745  869  963  254  184  353  116  256  197  368  428  664  815  921  639  959  138  129  77  45  29  712  825  182  179  829  186  490  887  488  613  875  981  401  321  896  678  588  94  540  711  233  605  7  859  296  10  901  493  82  866  666  317  537  344  531  607  34  513  807  183  547  403  59  563  628  697  977  356  144  931  848  110  63  190  991  219  160  771  968  92  855  372  888  382  122  764  685  595  392  864  47  419  904  511  717  40  236  431  486  477  435  792  422  739  761  451  672  955  551  923  673  889  503  882  273  28  155  700  802  780  480  484  965  114  145  789  914  769  24  630  104  617  552  199  16  657  345  549  424  178  918  809  583  473  62  692  300  740  279  911  636  472  105  143  964  814  483  836  348  525  237  17  533  38  299  347  545  596  115  195  374  301  76  475  733  985  107  450  709  971  564  916  773  644  399  212  496  535  101  629  75  380  658  326  84  383  426  919  782  169  43  702  335  927  982  142  189  776  839  597  600  324  459  57  623  120  627  905  309  337  933  560  322  457  680  98  452  83  874  856  725  570  693  257  975  124  523  565  806  980  590  994  504  840  659  394  294  384  318  430  803  408  226  956  127  132  286  670  225  925  951  37  150  743  423  932  402  642  720  624  571  778  400  61  502  772  277  117  357  466  234  926  191  686  909  14  993  586  903  250  811  960  106  193  611  111  667  868  942  461  582  360  215  378  750  768  527  338  719  758  232  500  774  941  633  529  948  879  912  983  534  474  801  15  181  363  838  445  713  972  498  311  187  566  988  53  325  737  58  928  522  432  162  714  434  824  732  555  976  343  152  646  649  568  366  441  748  546  247  580  793  93  216  579  770  42  214  528  102  813  849  147  794  913  603  819  895  698  278  158  970  505  668  436  536  391  255  900  585  283  587  388  439  876  330  340  329  227  851  51  831  795  862  556  27  489  476  331  163  238  722  60  676  886  293  260  319  554  97  987  264  275  907  271  64  569  576  231  487  832  539  25  995  763  997  454  986  992  559  449  468  109  817  858  783  470  31  12  752  592  952  413  79  361  608  854  228  78  885  323  973  878  606  614  558  244  224  453  863  710  517  393  200  544  312  469  681  274  133  177  602  119  65  542  979  930  526  387  201  479  747  663  26  578  908  91  429  944  55  572  41  650  939  867  377  136  336  871  304  270  99  853  369  314  910  404  499  170  85  291  519  777  2  381  365  785  872  738  688  80  161  683  800  66  699  44  766  211  359  243  379  417  701  242  19  282  892  20  49  455  723  521  327  937  427  192  684  924  121  157  351  88  289  922  302  54  118  515  873  217  645  171  744  74  947  978  835  396  828  245  729  18  749  884  634  721  508  438  541  651  635  767  290  164  229  798  268  306  33  259  70  946  376  285  295  446  156  943  307  938  754  370  495  196  352  305  753  298  444  674  389  125  852  9  665  669  509  574  287  929  375  790  784  112  687  821  35  205  787  497  616  506  548  844  653  765  604  310  631  153  95  755  820  791  100  491  415  208  958  297  677  433  11  816  407  841  421  6  573  148  661  827  805  810  173  358  818  581  735  492  223  288  781  708  656  140  50  762  640  610  281  442  252  313  465  240  267  246  703  957  618  409  149  316  823  13  263  786  850  456  652  601  253  575  520  696  593  354  796  165  128  622  936  8  808  812  567  843  501  390  222  272  675  341  543  172  239  411  81  21  799  235  788  258  934  346  52  857  594  437  647  73  883  249  339  206  847  619  891  756  999 
Path length = 832

